[gd_scene format=3 uid="uid://bcoj8756jufru"]

[node name="character" type="Node3D"]

[node name="body" type="Node3D" parent="."]

[node name="left Leg2" type="CSGBox3D" parent="body"]
transform = Transform3D(1, 0, 0, 0, 1, 0, 0, 0, 1, 0, 0.9, 0)
size = Vector3(0.6, 0.8, 0.25)

[node name="right Leg" type="CSGBox3D" parent="body"]
transform = Transform3D(1, 0, 0, 0, 1, 0, 0, 0, 1, -0.2, 0, 0)
size = Vector3(0.25, 1, 0.25)

[node name="left Leg" type="CSGBox3D" parent="body"]
transform = Transform3D(1, 0, 0, 0, 1, 0, 0, 0, 1, 0.2, 0, 0)
size = Vector3(0.25, 1, 0.25)

[node name="head" type="CSGSphere3D" parent="body"]
transform = Transform3D(1, 0, 0, 0, 1, 0, 0, 0, 1, 0, 1.54802, 0)
radius = 0.25

[node name="right Arm" type="Node3D" parent="body"]

[node name="right Shoulder" type="CSGSphere3D" parent="body/right Arm"]
transform = Transform3D(1, 0, 0, 0, 1, 0, 0, 0, 1, -0.285, 1.25, 0)
radius = 0.13

[node name="right Bisep" type="CSGBox3D" parent="body/right Arm/right Shoulder"]
transform = Transform3D(0.989017, 0.147732, -0.00447945, -0.147713, 0.989021, 0.00438096, 0.00507748, -0.00367117, 0.99998, -0.1, -0.215, 0)
size = Vector3(0.125, 0.4, 0.125)

[node name="right Elbow" type="CSGSphere3D" parent="body/right Arm/right Shoulder/right Bisep"]
transform = Transform3D(0.989017, -0.147713, 0.00507748, 0.147732, 0.989021, -0.00367118, -0.00447945, 0.00438096, 0.99998, -0.00179899, -0.174307, -0.00130576)
radius = 0.08

[node name="right Forearm" type="CSGBox3D" parent="body/right Arm/right Shoulder/right Bisep/right Elbow"]
transform = Transform3D(0.997417, -0.0370566, 0.0615385, 0.0347447, 0.998666, 0.038227, -0.062873, -0.0359901, 0.997372, 0.00710341, -0.216345, -0.000453104)
size = Vector3(0.125, 0.4, 0.125)

[node name="left Arm" type="Node3D" parent="body"]

[node name="left Shoulder" type="CSGSphere3D" parent="body/left Arm"]
transform = Transform3D(1, 0, 0, 0, 1, 0, 0, 0, 1, 0.285, 1.25, 0)
radius = 0.13

[node name="left Bisep" type="CSGBox3D" parent="body/left Arm/left Shoulder"]
transform = Transform3D(-0.989006, -0.14778, 0.00523589, -0.147807, 0.989002, -0.00523596, 0.00440454, 0.00595231, 0.999973, 0.1, -0.215, 0)
size = Vector3(0.125, 0.4, 0.125)

[node name="left Elbow" type="CSGSphere3D" parent="body/left Arm/left Shoulder/left Bisep"]
transform = Transform3D(0.989017, -0.147713, 0.00507748, 0.147732, 0.989021, -0.00367118, -0.00447945, 0.00438096, 0.99998, -0.00179899, -0.174307, -0.00130576)
radius = 0.08

[node name="left Forearm" type="CSGBox3D" parent="body/left Arm/left Shoulder/left Bisep/left Elbow"]
transform = Transform3D(0.997417, -0.0370566, 0.0615385, 0.0347447, 0.998666, 0.038227, -0.062873, -0.0359901, 0.997372, 0.00710341, -0.216345, -0.000453104)
size = Vector3(0.125, 0.4, 0.125)
